0.85 0.2646484375
0.6 0.3916015625
1.2 0.2998046875
1.8 0.6298828125
1.2 0.30078125
0.0 1.46
0.75 0.5771484375
1.8 0.587890625
0.8 0.3203125
0.5 0.263671875
3.0 0.9560546875
0.7 0.517578125
0.6 0.4296875
2.0 0.6552734375
0.7 0.5263671875
1.6 0.548828125
1.8 0.6708984375
5.0 1.15
1.6 0.55859375
0.6 0.41796875
0.7 0.5244140625
1.0 0.2841796875
0.8 0.30859375
0.9 0.1923828125
0.65 0.4765625
0.45 0.17578125
4.0 1.05
0.65 0.46484375
0.8 0.2421875
0.5 0.205078125
0.55 0.3212890625
2.0 0.697265625
0.85 0.248046875
0.45 0.1767578125
5.0 1.15
0.75 0.578125
4.0 0.9228515625
0.45 0.171875
0.5 0.21875
3.0 0.8681640625
5.0 1.14
1.4 0.4453125
0.75 0.478515625
4.0 0.9150390625
0.55 0.337890625
1.0 0.1181640625
1.05 0.197265625
0.95 0.06962890625
0.9 0.2021484375
0.9 0.26953125
1.6 0.474609375
0.55 0.173828125
0.4 0.0515625
0.65 0.5078125
1.05 0.158203125
2.0 0.701171875
0.95 0.177734375
0.4 0.06923828125
0.0 1.46
3.0 0.9091796875
1.05 0.173828125
0.4 0.07255859375
1.4 0.4501953125
1.0 0.1015625
1.4 0.46875
1.2 0.3056640625
0.85 0.2919921875
0.95 0.071484375
0.0 1.45
